n = 3, and number of 2-uniform words = 6
(2, 3, 1, 2, 3, 1)
(3, 2, 1, 3, 2, 1)
(2, 1, 3, 2, 1, 3)
(3, 1, 2, 3, 1, 2)
(1, 2, 3, 1, 2, 3)
(1, 3, 2, 1, 3, 2)


n = 4, and number of 2-uniform words = 16
(2, 1, 3, 2, 4, 3, 1, 4)
(2, 4, 3, 1, 4, 2, 1, 3)
(3, 1, 4, 2, 1, 3, 2, 4)
(2, 4, 1, 3, 4, 2, 3, 1)
(3, 4, 2, 3, 1, 2, 4, 1)
(1, 3, 4, 2, 3, 1, 2, 4)
(3, 1, 2, 4, 1, 3, 4, 2)
(4, 2, 1, 3, 2, 4, 3, 1)
(4, 3, 1, 4, 2, 1, 3, 2)
(1, 4, 2, 1, 3, 2, 4, 3)
(1, 2, 4, 1, 3, 4, 2, 3)
(1, 3, 2, 4, 3, 1, 4, 2)
(4, 1, 3, 4, 2, 3, 1, 2)
(4, 2, 3, 1, 2, 4, 1, 3)
(3, 2, 4, 3, 1, 4, 2, 1)
(2, 3, 1, 2, 4, 1, 3, 4)


n = 5, and number of 2-uniform words = 20
(2, 4, 3, 5, 4, 1, 5, 2, 1, 3)
(5, 3, 4, 2, 3, 1, 2, 5, 1, 4)
(2, 3, 1, 2, 5, 1, 4, 5, 3, 4)
(1, 4, 5, 3, 4, 2, 3, 1, 2, 5)
(1, 2, 5, 1, 4, 5, 3, 4, 2, 3)
(3, 2, 4, 3, 5, 4, 1, 5, 2, 1)
(3, 5, 4, 1, 5, 2, 1, 3, 2, 4)
(5, 1, 4, 5, 3, 4, 2, 3, 1, 2)
(5, 4, 1, 5, 2, 1, 3, 2, 4, 3)
(4, 3, 5, 4, 1, 5, 2, 1, 3, 2)
(1, 3, 2, 4, 3, 5, 4, 1, 5, 2)
(4, 2, 3, 1, 2, 5, 1, 4, 5, 3)
(2, 5, 1, 4, 5, 3, 4, 2, 3, 1)
(3, 4, 2, 3, 1, 2, 5, 1, 4, 5)
(2, 1, 3, 2, 4, 3, 5, 4, 1, 5)
(1, 5, 2, 1, 3, 2, 4, 3, 5, 4)
(4, 1, 5, 2, 1, 3, 2, 4, 3, 5)
(5, 2, 1, 3, 2, 4, 3, 5, 4, 1)
(3, 1, 2, 5, 1, 4, 5, 3, 4, 2)
(4, 5, 3, 4, 2, 3, 1, 2, 5, 1)


n = 6, and number of 2-uniform words = 24
(1, 5, 6, 4, 5, 3, 4, 2, 3, 1, 2, 6)
(3, 2, 4, 3, 5, 4, 6, 5, 1, 6, 2, 1)
(2, 6, 1, 5, 6, 4, 5, 3, 4, 2, 3, 1)
(4, 2, 3, 1, 2, 6, 1, 5, 6, 4, 5, 3)
(4, 3, 5, 4, 6, 5, 1, 6, 2, 1, 3, 2)
(1, 6, 2, 1, 3, 2, 4, 3, 5, 4, 6, 5)
(5, 1, 6, 2, 1, 3, 2, 4, 3, 5, 4, 6)
(3, 4, 2, 3, 1, 2, 6, 1, 5, 6, 4, 5)
(5, 3, 4, 2, 3, 1, 2, 6, 1, 5, 6, 4)
(5, 6, 4, 5, 3, 4, 2, 3, 1, 2, 6, 1)
(5, 4, 6, 5, 1, 6, 2, 1, 3, 2, 4, 3)
(1, 2, 6, 1, 5, 6, 4, 5, 3, 4, 2, 3)
(6, 2, 1, 3, 2, 4, 3, 5, 4, 6, 5, 1)
(3, 1, 2, 6, 1, 5, 6, 4, 5, 3, 4, 2)
(4, 6, 5, 1, 6, 2, 1, 3, 2, 4, 3, 5)
(6, 4, 5, 3, 4, 2, 3, 1, 2, 6, 1, 5)
(1, 3, 2, 4, 3, 5, 4, 6, 5, 1, 6, 2)
(2, 1, 3, 2, 4, 3, 5, 4, 6, 5, 1, 6)
(4, 5, 3, 4, 2, 3, 1, 2, 6, 1, 5, 6)
(6, 5, 1, 6, 2, 1, 3, 2, 4, 3, 5, 4)
(3, 5, 4, 6, 5, 1, 6, 2, 1, 3, 2, 4)
(2, 4, 3, 5, 4, 6, 5, 1, 6, 2, 1, 3)
(2, 3, 1, 2, 6, 1, 5, 6, 4, 5, 3, 4)
(6, 1, 5, 6, 4, 5, 3, 4, 2, 3, 1, 2)


