n = 4
124132413423
124132431423
124134213243
124134213423
124134231243
124134231423
124312413423
124314213243
124314213423
132413243142
132413423124
132413423142
132431241342
132431243142
132431421324
132431421342
132431423124
132431423142
134213243124
134213243142
134213423124
134231241324
134231241342
134231243124
134231243142
134231421324
134231423124
142132413243
142132413423
142132431243
142132431423
142134213243
142134231243
142312413243
142312413423
142314213243
213241324314
213241342314
213243124134
213243124314
213243142134
213243142314
213421324314
213423124134
213423124314
231241324134
231241324314
231241342134
231241342314
231243124134
231243142134
231421324134
231421324314
231423124134
241324134231
241324314213
241324314231
241342132431
241342134231
241342312413
241342312431
241342314213
241342314231
243124134213
243124134231
243124314213
243142132413
243142132431
243142134213
243142134231
243142312413
243142314213
312413241342
312413243142
312413421324
312413421342
312413423124
312413423142
312431241342
312431421324
312431421342
314213241324
314213241342
314213243124
314213243142
314213421324
314213423124
314231241324
314231241342
314231421324
324132431421
324134231241
324134231421
324312413421
324312431421
324314213241
324314213421
324314231241
324314231421
342132431241
342132431421
342134231241
342312413241
342312413421
342312431241
342312431421
342314213241
342314231241
413241342312
413243142132
413243142312
413421324312
413421342312
413423124132
413423124312
413423142132
413423142312
421324132431
421324134231
421324312413
421324312431
421324314213
421324314231
421342132431
421342312413
421342312431
423124132413
423124132431
423124134213
423124134231
423124312413
423124314213
423142132413
423142132431
423142312413
431241342132
431241342312
431243142132
431421324132
431421324312
431421342132
431421342312
431423124132
431423142132
369600 144

n = 5
123512451345234
123514521324354
123514521324534
123541521324354
123541521324534
124354125134523
124354152132435
124354152132453
124354152134235
124354152134253
124354152134523
124513243541523
124513423541523
124513452341235
124534152132435
124534152134235
125132435145234
125132435415234
125134521324354
125134523124354
125143251453423
125143254153423
125143521453423
125143524153423
125143542153243
125143542153423
125145321435423
125145321453423
125145324135423
125145324153423
125145324315423
125145342132543
125145342135243
125145342135423
125145342153243
125145342153423
125145342312543
125145342315243
125145342315423
125314521324354
125341521324354
125413251453423
125413521453423
125415321435423
125415321453423
125431251453423
125431521453423
132435124354152
132435124534152
132435142354152
132435142534152
132435145234125
132435145234152
132435412351452
132435412354152
132435412513452
132435412531452
132435412534152
132435415213245
132435415213425
132435415213452
132435415231245
132435415231425
132435415231452
132435415234125
132435415234152
132451324354152
132451342354152
132453124354152
132453142354152
132453412351452
132453412354152
132514532431542
132514534231254
132514534231524
132514534231542
132543125145342
132543152145342
134235124354152
134235124534152
134235415213245
134235415231245
134251324354152
134253124354152
134521324354125
134521324354152
134523124354125
134523124354152
134523412351245
135214534231254
135243125145342
135423125145324
135423125145342
142354152132435
142354152132453
142513243541523
142534152132435
143251453423125
143251453423152
143254153423125
143254153423152
143254315421532
143521453423125
143524153423125
143542153243125
143542153423125
143542312514532
143542312541532
145213243541235
145213243541253
145213243541523
145213245341235
145234125132435
145234152132435
145321435423125
145321453423125
145324135423125
145324153423125
145324315421325
145324315423125
145342132543125
145342132543152
145342135243125
145342135423125
145342153243125
145342153423125
145342312514325
145342312514352
145342312514532
145342312541325
145342312541352
145342312541532
145342312543125
145342312543152
145342315214325
145342315241325
145342315243125
145342315421325
145342315423125
152132435124354
152132435124534
152132435142354
152132435142534
152132435145234
152132435412354
152132435412534
152132435415234
152132451324354
152132451342354
152132453124354
152132453142354
152132453412354
152134235124354
152134235124534
152134251324354
152134253124354
152134521324354
152134523124354
152143251453423
152143254153423
152145342132543
152145342312543
152312451324354
152312451342354
152314251324354
152314521324354
152341251324354
152341521324354
152413251453423
152431251453423
153214325431542
153214354231254
153214534231254
153243125143542
153243125145342
153423125143254
153423125143524
153423125143542
153423125145324
153423125145342
153423152143254
154213251453243
154213251453423
154215321432543
154231251453243
154231251453423
213243512435415
213243512453415
213243514235415
213243514253415
213243514523415
213243541235145
213243541235415
213243541251345
213243541253145
213243541253415
213243541521345
213243541523145
213243541523415
213245132435415
213245134235415
213245312435415
213245314235415
213245341235145
213245341235415
213251453243154
213251453423154
213254312514534
213254315214534
213423512435415
213423512453415
213425132435415
213425312435415
213452132435415
213452312435415
213524312514534
213542312514534
214325145342315
214325415342315
214325431542153
214354231251453
214354231254153
214534213254315
214534231251435
214534231251453
214534231254135
214534231254153
214534231254315
215321432543154
215324312514354
215324312514534
215342312514354
215342312514534
231243541251345
231243541521345
231245132435415
231245134235415
231251432514534
231251432541534
231251435214534
231251435241534
231251435421534
231251453214354
231251453214534
231251453241354
231251453241534
231251453243154
231251453421354
231251453421534
231251453423154
231254132514534
231254135214534
231254153214354
231254153214534
231254312514534
231254315214534
231425132435415
231452132435415
231521432514534
231521432541534
231524132514534
231524312514534
231542132514534
231542312514534
234123512451345
234125132435145
234125132435415
234152132435145
234152132435415
235124354152134
235124513452341
235124534152134
235145213243541
235145213245341
235415213243514
235415213243541
235415213245134
235415213245314
235415213245341
235415231245134
241325145342315
241354231251453
241534231251435
241534231251453
243125143542153
243125145342135
243125145342153
243125145342315
243154213251453
243154231251453
243512435415213
243512453415213
243514235415213
243514253415213
243514523412513
243514523415213
243541235145213
243541235415213
243541251345213
243541251345231
243541253145213
243541253415213
243541521324351
243541521324513
243541521324531
243541521342351
243541521342513
243541521342531
243541521345213
243541521345231
243541523124513
243541523142513
243541523145213
243541523412513
243541523415213
245132435415213
245132435415231
245134235415213
245134235415231
245134523412351
245312435415213
245314235415213
245341235145213
245341235415213
245341521324351
245341521342351
251324351452341
251324354152134
251324354152314
251324354152341
251345213243541
251345231243541
251432514534231
251432541534231
251435214534231
251435241534231
251435421532431
251435421534231
251453214354231
251453214534231
251453241354231
251453241534231
251453243154213
251453243154231
251453421325431
251453421352431
251453421354231
251453421532431
251453421534231
251453423125143
251453423125413
251453423125431
251453423152143
251453423152413
251453423152431
251453423154213
251453423154231
253124354152134
253145213243541
253415213243514
253415213243541
254132514534231
254135214534231
254153214354231
254153214534231
254153423125143
254153423152143
254312514534213
254312514534231
254315214534213
254315214534231
254315421532143
312435412513452
312435415213245
312435415213425
312435415213452
312451324354152
312451342354152
312514325145342
312514325415342
312514352145342
312514352415342
312514354215324
312514354215342
312514532143542
312514532145342
312514532413542
312514532415342
312514532431542
312514534213254
312514534213524
312514534213542
312514534215324
312514534215342
312514534231254
312514534231524
312514534231542
312541325145342
312541352145342
312541532143542
312541532145342
312543125145342
312543152145342
314235415213245
314251324354152
314521324354125
314521324354152
315214325145342
315214325415342
315214534213254
315214534231254
315241325145342
315243125145342
315421325145324
315421325145342
315421532143254
315423125145324
315423125145342
321432543154215
321435423125145
321435423125415
321453423125145
321453423125415
324135423125145
324153423125145
324312514354215
324312514534215
324315421325145
324315423125145
324351243541521
324351245341521
324351423541521
324351425341521
324351452341251
324351452341521
324354123514521
324354123541521
324354125134521
324354125314521
324354125341521
324354152132451
324354152134251
324354152134521
324354152312451
324354152314251
324354152314521
324354152341251
324354152341521
324513243541521
324513423541521
324531243541521
324531423541521
324534123514521
324534123541521
325145324315421
325145342312514
325145342312541
325145342315214
325145342315241
325145342315421
325415342312514
325415342315214
325431251453421
325431521453421
325431542153214
341235124513452
341235145213245
341235415213245
341251324351452
341251324354152
341521324351245
341521324351425
341521324351452
341521324354125
341521324354152
341521342351245
342132543125145
342132543152145
342135243125145
342135423125145
342153243125145
342153423125145
342312514325145
342312514325415
342312514352145
342312514352415
342312514354215
342312514532145
342312514532415
342312514534215
342312541325145
342312541352145
342312541532145
342312543125145
342312543152145
342315214325145
342315214325415
342315241325145
342315243125145
342315421325145
342315423125145
342351243541521
342351245341521
342354152132451
342354152312451
342513243541521
342531243541521
345213243541251
345213243541521
345231243541251
345231243541521
345234123512451
351243541521324
351243541521342
351245134523412
351245341521324
351245341521342
351423541521324
351425341521324
351452132435412
351452132453412
351452341251324
351452341521324
352145342312514
352145342312541
352415342312514
352431251453421
354123514521324
354123541521324
354125134521324
354125134523124
354125314521324
354125341521324
354152132435124
354152132435142
354152132435412
354152132451324
354152132451342
354152132453124
354152132453142
354152132453412
354152134235124
354152134251324
354152134253124
354152134521324
354152134523124
354152312451324
354152312451342
354152314251324
354152314521324
354152341251324
354152341521324
354215324312514
354215342312514
354231251453214
354231251453241
354231251453421
354231254153214
412351245134523
412351452132435
412351452132453
412354152132435
412354152132453
412513243514523
412513243541523
412513452132435
412513452312435
412531452132435
412534152132435
413251453423125
413251453423152
413521453423125
413542312514532
415213243512435
415213243512453
415213243514235
415213243514253
415213243514523
415213243541235
415213243541253
415213243541523
415213245132435
415213245134235
415213245312435
415213245314235
415213245341235
415213423512435
415213423512453
415213425132435
415213425312435
415213452132435
415213452312435
415231245132435
415231245134235
415231425132435
415231452132435
415234125132435
415234152132435
415321435423125
415321453423125
415342312514325
415342312514352
415342312514532
415342315214325
421325145324315
421325145342315
421325431251453
421325431521453
421352431251453
421354231251453
421532143254315
421532431251435
421532431251453
421534231251435
421534231251453
423125143251453
423125143254153
423125143521453
423125143524153
423125143542153
423125145321435
423125145321453
423125145324135
423125145324153
423125145324315
423125145342135
423125145342153
423125145342315
423125413251453
423125413521453
423125415321435
423125415321453
423125431251453
423125431521453
423152143251453
423152143254153
423152413251453
423152431251453
423154213251453
423154231251453
423512435415213
423512453415213
423541521324351
423541521324513
423541521324531
423541523124513
425132435415213
425132435415231
425312435415213
425341521324351
431251435421532
431251453421325
431251453421352
431251453421532
431251453423125
431251453423152
431521453421325
431521453423125
431542132514532
431542153214325
431542312514532
432514534231251
432514534231521
432541534231251
432541534231521
432543154215321
435124354152132
435124534152132
435142354152132
435142534152132
435145234125132
435145234152132
435214534231251
435241534231251
435412351452132
435412354152132
435412513452132
435412513452312
435412531452132
435412534152132
435415213243512
435415213245132
435415213245312
435415213423512
435415213425132
435415213425312
435415213452132
435415213452312
435415231245132
435415231425132
435415231452132
435415234125132
435415234152132
435421532431251
435421534231251
435423125145321
435423125415321
451324354152132
451324354152312
451342354152132
451342354152312
451345234123512
452132435412351
452132435412513
452132435412531
452132435415213
452132435415231
452132453412351
452312435412513
452312435415213
452341235124513
452341251324351
452341521324351
453124354152132
453142354152132
453214354231251
453214534231251
453241354231251
453241534231251
453243154213251
453243154231251
453412351452132
453412354152132
453415213243512
453415213423512
453421325431251
453421325431521
453421352431251
453421354231251
453421532431251
453421534231251
453423125143251
453423125143521
453423125145321
453423125413251
453423125413521
453423125415321
453423125431251
453423125431521
453423152143251
453423152413251
453423152431251
453423154213251
453423154231251
512435415213243
512435415213423
512451345234123
512453415213243
512453415213423
513243514523412
513243541521324
513243541521342
513243541523124
513243541523142
513243541523412
513423541521324
513423541523124
513452132435412
513452312435412
513452341235124
514235415213243
514253415213243
514325145342312
514325415342312
514352145342312
514352415342312
514354215324312
514354215342312
514521324354123
514521324534123
514523412513243
514523415213243
514532143542312
514532145342312
514532413542312
514532415342312
514532431542132
514532431542312
514534213254312
514534213524312
514534213542312
514534215324312
514534215342312
514534231251432
514534231254132
514534231254312
514534231521432
514534231524132
514534231524312
514534231542132
514534231542312
521324351243541
521324351245341
521324351423541
521324351425341
521324351452341
521324354123514
521324354123541
521324354125134
521324354125314
521324354125341
521324354152134
521324354152314
521324354152341
521324513243541
521324513423541
521324531243541
521324531423541
521324534123514
521324534123541
521342351243541
521342351245341
521342513243541
521342531243541
521345213243541
521345231243541
521432514534231
521432541534231
521453421325431
521453423125143
521453423125413
521453423125431
523124354125134
523124354152134
523124513243541
523124513423541
523142513243541
523145213243541
523412351245134
523412513243514
523412513243541
523415213243514
523415213243541
524132514534231
524153423125143
524312514534213
524312514534231
531243541521324
531243541521342
531423541521324
531452132435412
532143254315421
532143542312514
532143542312541
532145342312514
532145342312541
532413542312514
532415342312514
532431251435421
532431251453421
532431542132514
532431542312514
534123514521324
534123541521324
534152132435124
534152132435142
534152132435412
534152134235124
534213254312514
534213254315214
534213524312514
534213542312514
534215324312514
534215342312514
534231251432514
534231251432541
534231251435214
534231251435241
534231251435421
534231251453214
534231251453241
534231251453421
534231254132514
534231254135214
534231254153214
534231254312514
534231254315214
534231521432514
534231521432541
534231524132514
534231524312514
534231542132514
534231542312514
541235145213243
541235415213243
541251345213243
541251345231243
541253145213243
541253415213243
541325145342312
541352145342312
541521324351243
541521324351423
541521324354123
541521324513243
541521324513423
541521324531243
541521324531423
541521324534123
541521342351243
541521342513243
541521342531243
541521345213243
541521345231243
541523124513243
541523124513423
541523142513243
541523145213243
541523412513243
541523415213243
541532143542312
541532145342312
541534231251432
541534231521432
542132514532431
542132514534231
542153214325431
542153243125143
542153423125143
542312514532143
542312514532413
542312514532431
542312514534213
542312514534231
542312541532143
543125145342132
543125145342312
543152145342132
543152145342312
543154215321432
168168000 930

